##### Initial Solution #####
Route: 
0 496 314 390 489 388 132 404 460 135 469 49 87 190 339 500 117 184 415 396 29 412 192 75 
188 395 67 121 17 361 15 100 112 342 204 304 274 313 64 336 491 344 211 292 202 504 169 153 
174 337 289 269 331 171 27 90 272 371 328 436 457 533 271 279 209 270 285 106 355 110 173 66 
296 283 257 195 320 343 170 201 383 57 165 452 365 139 490 89 82 178 233 413 353 384 494 368 
376 258 111 98 407 464 126 318 92 88 532 459 191 115 166 418 24 86 213 214 357 74 1 13 
130 319 497 53 476 465 264 265 161 394 278 468 334 354 93 508 208 300 529 411 492 276 506 400 
493 511 528 454 444 146 478 449 453 448 114 35 231 408 39 260 56 144 23 481 30 101 291 34 
157 249 32 142 422 10 235 45 203 9 51 168 243 71 238 341 299 386 531 145 77 427 196 193 
290 287 350 182 104 253 187 99 259 483 379 156 280 129 266 284 7 3 414 189 118 70 155 349 
441 281 471 474 194 8 12 401 125 103 402 484 514 463 14 207 263 367 19 509 225 387 46 206 
323 326 480 261 473 399 69 80 113 128 159 54 374 510 294 530 430 363 275 181 16 295 20 486 
154 277 316 479 434 199 482 219 52 216 230 505 127 97 372 358 227 330 513 248 94 50 197 205 
351 31 458 198 370 183 61 461 5 405 242 84 215 262 322 462 175 26 21 347 63 431 186 2 
252 152 40 158 38 167 440 78 303 467 477 41 470 241 420 149 250 109 141 534 406 72 502 389 
251 442 236 160 325 162 391 246 79 134 122 466 107 305 307 11 378 288 321 244 488 217 439 359 
346 369 220 498 352 435 377 102 218 416 338 18 221 438 443 268 256 424 255 382 4 172 22 58 
360 495 315 301 362 329 226 524 68 450 150 143 151 222 426 332 65 36 499 138 137 124 119 520 
164 163 385 223 512 148 42 381 177 267 234 356 48 85 62 519 239 522 517 518 96 224 527 116 
364 229 456 380 140 302 366 311 340 247 375 432 447 28 397 185 503 60 392 421 105 297 44 91 
425 507 200 410 487 228 33 409 335 95 179 417 429 282 273 212 501 120 81 133 43 298 37 136 
108 254 393 398 446 445 309 475 423 210 312 308 6 47 516 521 526 428 472 451 73 373 348 240 
345 59 232 306 419 245 83 76 293 123 317 437 310 485 327 286 324 333 237 147 131 55 403 455 
525 515 523 433 25 180 176 0 
Solution Value: 253127

Execution time: 3ms

############################

###### Best Solution #######
Route: 0 496 390 489 388 404 132 316 479 219 482 199 434 52 216 408 39 260 56 144 23 481 30 101 
291 34 157 59 345 240 348 373 73 349 441 155 70 118 189 414 3 7 284 266 129 280 379 156 
483 259 99 187 253 104 182 350 287 290 193 196 427 77 145 531 386 299 238 341 71 243 168 51 
9 203 45 235 10 422 142 32 249 232 306 419 158 40 152 252 2 186 431 63 347 21 175 26 
230 231 35 114 135 460 469 49 87 190 339 500 415 184 117 396 29 412 192 75 188 395 67 121 
17 361 100 15 112 342 204 304 274 313 64 336 491 344 211 292 202 504 169 153 174 464 126 318 
92 88 532 459 191 115 166 331 269 289 337 407 98 111 258 376 368 159 233 413 353 384 494 128 
113 80 54 178 82 89 490 139 365 452 165 57 383 201 170 343 320 257 195 296 283 66 173 110 
355 106 285 270 209 279 271 533 457 436 328 371 272 90 27 171 418 24 86 213 214 357 74 1 
13 130 319 497 53 476 465 265 264 161 394 354 334 468 278 93 508 208 300 529 411 276 492 506 
400 493 511 528 454 444 146 478 449 453 448 505 97 372 127 358 227 330 513 248 50 94 197 205 
351 31 458 198 370 183 61 461 5 242 405 84 215 262 322 462 41 477 467 78 440 167 38 303 
245 83 76 293 123 317 310 437 327 485 286 324 333 237 147 131 55 403 455 105 297 44 91 425 
507 200 410 487 228 33 409 335 95 179 417 429 282 273 212 501 120 81 133 43 298 37 136 108 
254 393 398 446 445 309 475 423 210 6 308 312 366 302 140 311 340 247 375 432 447 28 397 185 
503 392 421 60 47 380 124 119 520 164 163 116 364 456 229 137 138 499 36 65 332 222 426 143 
151 495 360 58 22 4 172 382 255 424 256 268 443 438 221 338 18 79 134 122 466 107 305 307 
11 378 160 325 162 391 246 416 359 346 369 220 498 352 435 377 102 218 217 439 488 244 321 288 
236 442 251 389 502 72 406 534 141 109 250 149 420 241 470 176 180 25 523 433 515 525 68 450 
150 315 301 362 329 226 524 519 239 522 517 518 527 224 96 385 223 512 148 42 381 177 267 234 
356 48 85 62 516 521 526 428 472 451 474 471 281 194 8 12 401 125 103 402 295 16 263 207 
14 463 514 484 181 275 363 430 374 510 294 530 69 399 473 261 480 323 326 206 46 387 225 509 
19 367 20 486 154 277 314 0 
Solution Value: 224720

Execution time: 21584ms

############################
