##### Initial Solution #####
Route: 0 496 390 489 388 132 404 460 135 469 49 87 190 339 500 117 184 415 396 29 412 192 75 188 395 67 121 17 361 100 15 112 342 204 304 274 313 64 336 491 344 211 292 202 504 169 153 174 464 126 318 92 88 532 459 191 115 166 331 269 289 337 407 98 111 258 376 368 159 494 384 128 113 80 353 413 54 233 82 178 490 89 139 365 452 165 57 383 201 170 343 320 257 195 296 283 66 173 110 355 106 285 270 209 279 271 533 457 436 328 371 272 90 27 171 418 24 86 213 214 357 74 1 13 130 319 497 53 476 465 265 264 161 354 334 468 278 394 93 508 208 300 529 411 276 492 506 400 493 511 528 454 444 146 478 449 453 448 114 52 216 35 231 408 39 260 56 144 23 481 30 101 291 34 232 306 419 440 167 38 158 40 152 252 2 186 431 63 347 21 175 26 230 505 127 97 372 358 227 330 513 248 50 94 197 205 351 31 458 198 370 183 61 461 5 242 405 84 215 262 322 462 180 25 523 433 515 525 68 450 150 58 22 4 172 382 255 424 256 268 443 438 221 338 18 79 134 122 466 107 305 307 11 378 160 325 162 391 246 416 359 346 369 220 498 352 435 377 102 218 217 439 488 244 321 288 236 442 251 389 502 72 406 534 141 109 250 149 420 241 176 470 41 477 467 78 303 245 83 76 293 123 317 437 327 485 286 324 333 237 147 131 55 455 403 47 140 302 366 311 340 247 375 432 447 28 397 185 503 60 392 421 105 297 44 91 425 507 200 410 487 228 33 409 335 95 179 417 429 282 273 212 501 120 81 133 43 298 37 136 108 254 393 398 446 445 309 475 423 210 312 6 308 426 222 332 65 36 499 138 137 124 116 364 229 456 151 143 360 495 315 301 362 329 226 524 85 48 356 234 267 177 381 42 380 148 512 223 385 163 164 520 119 527 224 96 518 517 522 239 519 62 516 521 526 428 472 451 441 155 70 118 189 414 3 7 284 266 129 280 379 156 483 259 99 187 253 104 182 350 287 290 193 196 427 77 145 531 386 299 238 341 71 243 168 51 9 203 310 45 235 10 422 142 32 249 157 59 345 240 348 373 73 349 281 471 474 194 8 12 401 125 103 402 295 16 263 207 14 463 514 484 181 275 363 430 374 510 294 530 69 399 473 261 480 323 326 206 46 387 225 509 19 367 20 486 219 482 199 434 479 316 277 154 314 0 
Solution Value: 253127

Execution time: 3ms

############################

###### Best Solution #######
Route: 0 496 390 489 388 132 404 460 135 469 49 87 190 339 500 117 184 415 396 29 412 192 75 188 395 67 121 17 361 100 15 112 342 204 304 274 313 64 336 491 344 211 292 202 504 169 153 174 464 126 318 92 88 532 459 191 115 166 331 269 289 337 407 98 111 258 376 368 159 494 384 128 113 80 353 413 54 233 82 178 490 89 139 365 452 165 57 383 201 170 343 320 257 195 296 283 66 173 110 355 106 285 270 209 279 271 533 457 436 328 371 272 90 27 171 418 24 86 213 214 357 74 1 13 130 319 497 53 476 465 265 264 161 354 334 468 278 394 93 508 208 300 529 411 276 492 506 400 493 511 528 454 444 146 478 449 453 448 114 52 216 35 231 408 39 260 56 144 23 481 30 101 291 34 232 306 419 440 167 38 158 40 152 252 2 186 431 63 347 21 175 26 230 505 127 97 372 358 227 330 513 248 50 94 197 205 351 31 458 198 370 183 61 461 5 242 405 84 215 262 322 462 180 25 523 433 515 525 68 450 150 58 22 4 172 382 255 424 256 268 443 438 221 338 18 79 134 122 466 107 305 307 11 378 160 325 162 391 246 416 359 346 369 220 498 352 435 377 102 218 217 439 488 244 321 288 236 442 251 389 502 72 406 534 141 109 250 149 420 241 176 470 41 477 467 78 303 245 83 76 293 123 317 437 327 485 286 324 333 237 147 131 55 455 403 47 140 302 366 311 340 247 375 432 447 28 397 185 503 60 392 421 105 297 44 91 425 507 200 410 487 228 33 409 335 95 179 417 429 282 273 212 501 120 81 133 43 298 37 136 108 254 393 398 446 445 309 475 423 210 312 6 308 426 222 332 65 36 499 138 137 124 116 364 229 456 151 143 360 495 315 301 362 329 226 524 85 48 356 234 267 177 381 42 380 148 512 223 385 163 164 520 119 527 224 96 518 517 522 239 519 62 516 521 526 428 472 451 441 155 70 118 189 414 3 7 284 266 129 280 379 156 483 259 99 187 253 104 182 350 287 290 193 196 427 77 145 531 386 299 238 341 71 243 168 51 9 203 310 45 235 10 422 142 32 249 157 59 345 240 348 373 73 349 281 471 474 194 8 12 401 125 103 402 295 16 263 207 14 463 514 484 181 275 363 430 374 510 294 530 69 399 473 261 480 323 326 206 46 387 225 509 19 367 20 486 219 482 199 434 479 316 277 154 314 0 
Solution Value: 225158

Execution time: 17086ms

############################
