##### Initial Solution #####
Route: 
0 8 37 30 43 17 6 
27 35 29 5 36 18 26 
42 16 32 45 14 11 10 
22 13 24 12 20 46 19 
39 2 21 15 40 33 28 
4 47 38 31 23 9 41 
25 3 34 44 1 7 0 

Solution Value: 12861

Execution time: 0ms

############################

###### Best Solution #######
Route: 0 8 37 30 43 17 6 
35 27 29 5 36 18 26 
16 42 45 32 19 46 20 
12 24 13 22 10 11 14 
39 2 1 41 25 3 34 
44 9 23 31 38 47 4 
28 33 40 15 21 7 0 

Solution Value: 11643

Execution time: 1ms

############################
