##### Initial Solution #####
Route: 0 1 3 4 5 8 9 10 6 7 11 18 17 16 15 14 13 12 52 56 55 53 54 57 58 59 63 85 84 83 62 61 60 19 65 66 68 67 69 71 70 72 73 77 80 79 82 81 95 78 76 75 74 89 87 88 96 97 100 99 104 107 111 112 118 116 124 128 131 144 151 153 158 159 161 166 165 178 184 188 185 179 173 175 174 180 172 170 169 162 160 154 148 138 127 121 125 120 106 98 105 115 86 64 20 189 200 193 197 196 240 266 203 204 198 194 192 187 191 199 190 186 167 163 152 140 123 157 225 213 177 195 182 176 164 156 150 142 108 117 110 102 103 92 91 93 90 94 101 109 113 114 119 122 126 135 136 134 130 132 133 129 137 141 139 143 149 147 146 145 155 171 168 181 183 201 202 206 219 220 218 212 216 211 207 205 210 222 230 217 214 229 221 208 215 209 224 223 234 265 268 300 304 276 297 267 254 239 235 271 275 296 325 344 341 333 368 369 370 351 340 324 316 309 298 277 270 272 303 317 322 329 336 348 357 396 389 410 397 390 381 384 421 422 391 398 25 24 428 456 461 463 465 462 460 457 442 430 431 424 423 408 395 388 380 376 367 363 356 349 342 345 332 320 305 288 278 279 280 281 282 283 284 285 286 299 302 310 318 323 330 339 355 386 418 417 416 415 414 413 385 374 358 328 321 312 311 307 295 294 293 292 291 290 289 308 313 326 337 352 359 364 373 377 382 392 399 411 412 407 406 405 404 403 402 401 419 409 387 379 375 366 362 354 350 343 335 338 327 314 301 287 274 269 253 238 231 236 263 262 261 260 259 258 257 256 237 232 226 227 228 233 241 255 242 243 244 245 246 247 248 249 250 251 252 264 273 306 319 331 346 353 360 365 372 378 383 393 400 420 425 429 488 485 455 441 454 453 440 439 452 451 438 449 448 447 446 458 459 443 432 444 445 433 434 435 436 437 450 482 480 476 477 479 478 475 481 483 484 486 487 489 426 427 394 371 347 315 334 361 490 491 492 474 473 472 471 470 467 468 469 464 466 26 27 28 29 30 23 22 21 32 31 33 38 39 36 37 35 34 40 41 44 46 45 42 43 47 49 48 50 51 2 0 
Solution Value: 41665

Execution time: 3ms

############################

###### Best Solution #######
Route: 0 1 3 4 5 8 9 10 6 7 11 18 17 16 15 14 13 12 52 56 55 53 54 57 58 59 63 85 84 83 62 61 60 19 65 66 68 67 69 71 70 72 73 77 80 79 82 81 95 78 76 75 74 89 87 88 96 97 100 99 104 107 111 112 118 116 124 128 131 144 151 153 158 159 161 166 165 178 184 188 185 179 173 175 174 180 172 170 169 162 160 154 148 138 127 121 125 120 106 98 105 115 86 64 20 189 200 193 197 196 240 266 203 204 198 194 192 187 191 199 190 186 167 163 152 140 123 157 225 213 177 195 182 176 164 156 150 142 108 117 110 102 103 92 91 93 90 94 101 109 113 114 119 122 126 135 136 134 130 132 133 129 137 141 139 143 149 147 146 145 155 171 168 181 183 201 202 206 219 220 218 212 216 211 207 205 210 222 230 217 214 229 221 208 215 209 224 223 234 265 268 300 304 276 297 267 254 239 235 271 275 296 325 344 341 333 368 369 370 351 340 324 316 309 298 277 270 272 303 317 322 329 336 348 357 396 389 410 397 390 381 384 421 422 391 398 25 24 428 456 461 463 465 462 460 457 442 430 431 424 423 408 395 388 380 376 367 363 356 349 342 345 332 320 305 288 278 279 280 281 282 283 284 285 286 299 302 310 318 323 330 339 355 386 418 417 416 415 414 413 385 374 358 328 321 312 311 307 295 294 293 292 291 290 289 308 313 326 337 352 359 364 373 377 382 392 399 411 412 407 406 405 404 403 402 401 419 409 387 379 375 366 362 354 350 343 335 338 327 314 301 287 274 269 253 238 231 236 263 262 261 260 259 258 257 256 237 232 226 227 228 233 241 255 242 243 244 245 246 247 248 249 250 251 252 264 273 306 319 331 346 353 360 365 372 378 383 393 400 420 425 429 488 485 455 441 454 453 440 439 452 451 438 449 448 447 446 458 459 443 432 444 445 433 434 435 436 437 450 482 480 476 477 479 478 475 481 483 484 486 487 489 426 427 394 371 347 315 334 361 490 491 492 474 473 472 471 470 467 468 469 464 466 26 27 28 29 30 23 22 21 32 31 33 38 39 36 37 35 34 40 41 44 46 45 42 43 47 49 48 50 51 2 0 
Solution Value: 38059

Execution time: 1109ms

############################
